id,Status_C,Status_CL,Status_D
7905,0.5380735914561051,0.0431775026714482,0.4187489058724467
7906,0.783476190413432,0.052865950150106415,0.1636578594364617
7907,0.056849937646990686,0.01882384225261224,0.9243262201003971
7908,0.9063525446498887,0.01775144024335829,0.07589601510675308
7909,0.7784151717419352,0.04335807571917406,0.1782267525388908
7910,0.9290204235567419,0.015193402870019588,0.055786173573238514
7911,0.9280816018056592,0.01508505935600931,0.05683333883833152
7912,0.20429581158071417,0.0279791386738941,0.7677250497453918
7913,0.0336010032371794,0.014406684625981868,0.9519923121368388
7914,0.5214191138787005,0.0352068273841345,0.4433740587371649
7915,0.7790299958522305,0.029329010388511784,0.19164099375925778
7916,0.6922042765931609,0.031702284851205756,0.2760934385556334
7917,0.5717411921453391,0.20502892144647375,0.22322988640818706
7918,0.8587547282683285,0.02515554015953225,0.11608973157213913
7919,0.504191612998686,0.053851549143035145,0.44195683785827883
7920,0.9086247415778058,0.02044565904457735,0.070929599377617
7921,0.9027165971332952,0.01835240335201106,0.07893099951469368
7922,0.04984136658892045,0.018247838583978736,0.9319107948271008
7923,0.8135176251332823,0.0255007939713948,0.16098158089532283
7924,0.748537330413571,0.05875266406213997,0.192710005524289
7925,0.030442651263237,0.013644651415280047,0.9559126973214829
7926,0.8487487484901594,0.024545165988424284,0.12670608552141632
7927,0.84548182847164,0.025482319529210817,0.12903585199914916
7928,0.04519338477009089,0.01824492549042743,0.9365616897394816
7929,0.8629172886088838,0.026225263563784934,0.11085744782733127
7930,0.11447448401922791,0.04265732865966553,0.8428681873211065
7931,0.8820987954500624,0.02128558058186139,0.09661562396807608
7932,0.07012947372938577,0.024089682480598052,0.9057808437900161
7933,0.526830762362255,0.03643312259862511,0.4367361150391197
7934,0.9224890445138076,0.015851157125736863,0.06165979836045548
7935,0.9173403944202619,0.016274213396509717,0.06638539218322831
7936,0.9200763250537471,0.01636448625935366,0.06355918868689901
7937,0.17184966014196576,0.034586378705491055,0.7935639611525431
7938,0.922661295250281,0.015997020336518782,0.061341684413200204
7939,0.25466240766550463,0.035793250172233955,0.7095443421622614
7940,0.7955631740209388,0.04342959885802292,0.1610072271210383
7941,0.19030809551016173,0.08226721367772424,0.727424690812114
7942,0.905926006124965,0.017635686871194746,0.07643830700384015
7943,0.049077146219367145,0.0178258504027585,0.9330970033778744
7944,0.922379842809664,0.015702113288207822,0.061918043902128274
7945,0.926517910499265,0.01524141798498108,0.05824067151575389
7946,0.6823971287883426,0.08382415585777844,0.23377871535387895
7947,0.8868427562624759,0.020791791516862123,0.09236545222066198
7948,0.12455593213916842,0.026321609860264456,0.8491224580005671
7949,0.05667111632726851,0.028076157753517593,0.9152527259192139
7950,0.9245598953463028,0.015592459830671762,0.05984764482302526
7951,0.43115129089705634,0.0721918061948568,0.49665690290808684
7952,0.24649087174391476,0.042293374747246065,0.7112157535088391
7953,0.03104862133004119,0.01420391538317997,0.9547474632867787
7954,0.8723976296082445,0.02133543741639592,0.10626693297535948
7955,0.13918078038687665,0.027570319945691816,0.8332488996674315
7956,0.04936672744093906,0.02003485498084087,0.9305984175782201
7957,0.895006554957436,0.01863813730783862,0.08635530773472541
7958,0.03145923039433422,0.014093637294674761,0.954447132310991
7959,0.4866279467543577,0.032936658127131396,0.48043539511851086
7960,0.14507895817967567,0.030972611836051933,0.8239484299842723
7961,0.9123009427766446,0.017155899009569004,0.07054315821378651
7962,0.0949865623865144,0.022118217410923915,0.8828952202025617
7963,0.14307728104010894,0.03467327354093308,0.8222494454189581
7964,0.029503350813740063,0.01352961813838758,0.9569670310478723
7965,0.9256144114896249,0.015903119782941604,0.05848246872743337
7966,0.536460606123084,0.04061868564254401,0.42292070823437206
7967,0.8991876324792801,0.01862153391070695,0.08219083361001278
7968,0.9148188106848284,0.01716646978673031,0.06801471952844128
7969,0.320113168602647,0.034022881069295664,0.6458639503280574
7970,0.8898119684278087,0.019188287563254903,0.09099974400893628
7971,0.9176416956135126,0.016240748570882604,0.06611755581560465
7972,0.6808348085627829,0.06880780717210225,0.2503573842651149
7973,0.915105052365451,0.018037441554788557,0.0668575060797605
7974,0.11036062856557569,0.02884902360648665,0.8607903478279377
7975,0.9185773238763095,0.016406905671462607,0.06501577045222788
7976,0.8681881784330656,0.020758279087882695,0.11105354247905176
7977,0.9168792789328957,0.016961912214990417,0.06615880885211409
7978,0.033302975997448525,0.014926819358705911,0.9517702046438457
7979,0.4679111979294706,0.0464428355451751,0.4856459665253542
7980,0.8957751952337834,0.02017677213897939,0.0840480326272374
7981,0.860478985098124,0.02681208230411367,0.1127089325977623
7982,0.8682949346958313,0.023623608334318674,0.10808145696984992
7983,0.8284160770622202,0.02946347015069249,0.14212045278708738
7984,0.08112412931010832,0.0252594767155129,0.8936163939743788
7985,0.28620133626139277,0.030437966499234203,0.683360697239373
7986,0.08147229571702116,0.02857622531957108,0.8899514789634076
7987,0.4436209652093711,0.041830848554555516,0.5145481862360733
7988,0.8324058950304245,0.03330847213512471,0.13428563283445083
7989,0.9128312806442558,0.017238327136263717,0.0699303922194807
7990,0.09928145618581447,0.02184240761365165,0.8788761362005338
7991,0.032879426212955955,0.015036291271874674,0.9520842825151694
7992,0.914876979920563,0.01698382520603225,0.06813919487340465
7993,0.8354531514631933,0.026035185763853014,0.13851166277295363
7994,0.9181022681949436,0.016836186555576796,0.06506154524947969
7995,0.85344425887643,0.023296394600437916,0.12325934652313204
7996,0.059756281417547845,0.023377732434388062,0.9168659861480641
7997,0.8973322113702009,0.019390171285771328,0.08327761734402778
7998,0.029145479469514655,0.01333440362842258,0.9575201169020627
7999,0.028720318900704183,0.013269679049112838,0.9580100020501828
8000,0.7471094037356624,0.036095156227442,0.21679544003689571
8001,0.8921614789274089,0.01936472141205736,0.0884737996605336
8002,0.3377915360719317,0.08780606989655916,0.5744023940315092
8003,0.6087853828630063,0.14266356959285273,0.248551047544141
8004,0.3574618266525114,0.0409287783457465,0.601609395001742
8005,0.7057292056550167,0.03247771087426027,0.261793083470723
8006,0.8550851011753334,0.028762098741885754,0.11615280008278069
8007,0.8034814161832556,0.02427351768889844,0.17224506612784585
8008,0.9231094393207734,0.016159886107815408,0.06073067457141121
8009,0.8422104616657735,0.028068205726534883,0.12972133260769156
8010,0.9181991455568214,0.016901456004378035,0.06489939843880072
8011,0.8500159527354628,0.02604106024501077,0.12394298701952655
8012,0.8367490877944246,0.025788199584540806,0.13746271262103454
8013,0.07162682420842541,0.019432820416075587,0.908940355375499
8014,0.8816411945195631,0.028629573891924595,0.08972923158851226
8015,0.9151181338349306,0.016390781033697618,0.06849108513137192
8016,0.9303981197832553,0.015212188286739143,0.05438969193000554
8017,0.5159693143150555,0.031526740330930975,0.4525039453540135
8018,0.7200173369192391,0.03577252664772382,0.2442101364330371
8019,0.9156461921972346,0.01750476413352867,0.0668490436692367
8020,0.6842658771895636,0.03541461735097886,0.28031950545945766
8021,0.06761314559676142,0.020274878389311603,0.9121119760139269
8022,0.06517895061872227,0.020842694496811535,0.9139783548844662
8023,0.7042200311109654,0.04297756386622475,0.2528024050228098
8024,0.9049807613101983,0.018068891370051916,0.07695034731974962
8025,0.05292722624275047,0.017918589597157045,0.9291541841600924
8026,0.9254469568448973,0.015368448954693841,0.059184594200408856
8027,0.9213246495796045,0.01650968128278945,0.06216566913760598
8028,0.05140988758351223,0.01998673746636668,0.9286033749501211
8029,0.07824302479383402,0.025944353388045332,0.8958126218181207
8030,0.914507272334751,0.017291150198530898,0.06820157746671796
8031,0.903232766040958,0.019393347514439906,0.07737388644460197
8032,0.9096434389316359,0.01823130823171354,0.07212525283665061
8033,0.09473458720434494,0.03532976114457385,0.8699356516510813
8034,0.7025704235537512,0.039481480242005505,0.25794809620424325
8035,0.9110166948441815,0.017733850057670256,0.07124945509814827
8036,0.8717354872839349,0.06293501323307879,0.06532949948298636
8037,0.3254969757865163,0.04027111216952716,0.6342319120439566
8038,0.7201777649774561,0.03301782163769302,0.24680441338485087
8039,0.047740382768010355,0.020845569697078948,0.9314140475349107
8040,0.30893018248573273,0.041734876491766444,0.6493349410225008
8041,0.13949941488811637,0.027808438394249714,0.8326921467176339
8042,0.045350194212630535,0.017658401417830906,0.9369914043695385
8043,0.9188376580306281,0.016396121710908356,0.06476622025846354
8044,0.036668799714444304,0.014286022233190705,0.949045178052365
8045,0.12463301848504973,0.06533315756336287,0.8100338239515874
8046,0.8401428709077043,0.0261941935545093,0.1336629355377864
8047,0.8858375708128214,0.020791850817216278,0.09337057836996225
8048,0.9065139877125475,0.01736905435364185,0.07611695793381082
8049,0.6252746848580677,0.0679541990176693,0.30677111612426317
8050,0.375500778349194,0.032264218541083745,0.5922350031097224
8051,0.0418862328743516,0.0166780777590072,0.9414356893666413
8052,0.9223888962406215,0.01966829714546566,0.0579428066139128
8053,0.05013809957479905,0.01841843441478156,0.9314434660104194
8054,0.8192596693405101,0.024160931213129493,0.1565793994463605
8055,0.49092170919649486,0.04632488060148998,0.4627534102020152
8056,0.9053815119996039,0.01992204957026754,0.07469643843012848
8057,0.8983065633486079,0.01878118356492776,0.08291225308646424
8058,0.8361991298168848,0.031469521241707474,0.13233134894140763
8059,0.8565138281115688,0.023146133388050157,0.12034003850038093
8060,0.09567886912549366,0.03935760259098757,0.8649635282835187
8061,0.11982747697480285,0.04031945179764999,0.8398530712275473
8062,0.07491517163996239,0.02265792603985762,0.90242690232018
8063,0.9244512269535781,0.01593534351405982,0.059613429532362094
8064,0.03594037563965089,0.018307090365248115,0.9457525339951011
8065,0.8936313918238543,0.01962843755166361,0.08674017062448221
8066,0.9249106713024221,0.015879660016676126,0.059209668680901745
8067,0.08689540993169578,0.02645029722949989,0.8866542928388044
8068,0.8038537330073321,0.0302537160832549,0.16589255090941307
8069,0.8837117186719252,0.02349034151201612,0.09279793981605862
8070,0.9275667607960275,0.015165324422913674,0.057267914781058714
8071,0.9105996138288917,0.01746928624734626,0.07193109992376207
8072,0.9079721443270069,0.01849287458580472,0.0735349810871883
8073,0.9209012385015828,0.016169044948979566,0.06292971654943753
8074,0.8735684590758046,0.022870985716144474,0.10356055520805085
8075,0.920196168890419,0.016378874977117954,0.06342495613246296
8076,0.9199984561630666,0.017404717477202906,0.06259682635973039
8077,0.046106561237049724,0.01921356350889058,0.9346798752540596
8078,0.1542635601967513,0.03212749097797791,0.8136089488252708
8079,0.8741028605743203,0.022901785584482984,0.1029953538411966
8080,0.9232002615870133,0.015535572794275436,0.06126416561871126
8081,0.9101487427288301,0.017470511136803923,0.0723807461343659
8082,0.7908058587461233,0.0301075125650084,0.1790866286888684
8083,0.14912761712545514,0.030582326550480498,0.8202900563240643
8084,0.03565870851566714,0.015361263678444518,0.9489800278058883
8085,0.9102046358673317,0.017358526830234717,0.07243683730243342
8086,0.02889735440475779,0.013372260307700836,0.9577303852875414
8087,0.8158354013315651,0.026627873132842837,0.157536725535592
8088,0.2762879211224309,0.03331616953919289,0.6903959093383761
8089,0.06589441998086043,0.019391941758582346,0.9147136382605572
8090,0.03208123763521604,0.014464762068120566,0.9534540002966633
8091,0.924956223917874,0.015563006759922811,0.05948076932220331
8092,0.029362918627531195,0.013479344000029907,0.9571577373724388
8093,0.9056584181783552,0.021098075421706778,0.07324350639993804
8094,0.0954255313781379,0.032311387045629476,0.8722630815762327
8095,0.4333053888235316,0.054496335753287245,0.5121982754231811
8096,0.3890464332286918,0.03985353523812825,0.5711000315331799
8097,0.17929408236980252,0.040435275438446994,0.7802706421917505
8098,0.8673571762121008,0.02403270684823406,0.10861011693966505
8099,0.7706270998403036,0.03172184834087259,0.19765105181882398
8100,0.035005719631458196,0.01451092455453674,0.9504833558140051
8101,0.3434050679447545,0.038388437241783764,0.6182064948134618
8102,0.781737165691976,0.032499483498962256,0.18576335080906153
8103,0.28778975391111206,0.042604768829683046,0.6696054772592049
8104,0.6735801520303578,0.04756416351195303,0.2788556844576891
8105,0.03304855964261264,0.014069178329534655,0.9528822620278526
8106,0.9210932020489667,0.016070032764409957,0.0628367651866233
8107,0.03243016618996038,0.014821704137793998,0.9527481296722458
8108,0.9214448115172471,0.016885084799151285,0.06167010368360165
8109,0.7305613232238665,0.024827289436513873,0.2446113873396196
8110,0.9263714128303129,0.016460341235129804,0.05716824593455737
8111,0.8400828962423628,0.04689865151232887,0.11301845224530851
8112,0.7445871097013168,0.028885918421822896,0.22652697187686038
8113,0.0303997001376703,0.014154779116019625,0.9554455207463101
8114,0.057036960455005045,0.0238629016429853,0.9191001379020097
8115,0.9148480720970302,0.017611555910806657,0.06754037199216306
8116,0.8619940514716125,0.029278941147438675,0.10872700738094888
8117,0.10751304253112642,0.025977478366484424,0.8665094791023891
8118,0.7360920895480351,0.05974358169048994,0.20416432876147494
8119,0.6427197077406444,0.03692487527057993,0.3203554169887758
8120,0.9245516801486697,0.01584883292843124,0.059599486922899216
8121,0.3295114498977699,0.04321987139298494,0.6272686787092451
8122,0.9052999138371198,0.018794666217912454,0.07590541994496776
8123,0.9292242641693003,0.014884780406334829,0.05589095542436495
8124,0.30647617909025315,0.058285339357939475,0.6352384815518074
8125,0.79894358039583,0.02826944090509174,0.1727869786990784
8126,0.8682053182467958,0.02314215359045093,0.10865252816275316
8127,0.06906172504182966,0.022638444559516104,0.9082998303986541
8128,0.6533074634071971,0.04502297220084826,0.3016695643919545
8129,0.9248075703390483,0.016216893619025723,0.05897553604192606
8130,0.5049631626808598,0.038753658159430604,0.45628317915970945
8131,0.04731327411530011,0.019942939747926478,0.9327437861367733
8132,0.7217546951874761,0.060957015708104155,0.2172882891044196
8133,0.9092699616318055,0.019962670050748105,0.07076736831744651
8134,0.7780369052326244,0.03998685073097554,0.18197624403640014
8135,0.031660549129551976,0.014247212039768368,0.9540922388306797
8136,0.0406608125118213,0.016291336679681113,0.9430478508084976
8137,0.32970625846883195,0.0339759622754611,0.636317779255707
8138,0.06955478816741736,0.020074551874244145,0.9103706599583385
8139,0.05158735712444117,0.01814671106417175,0.9302659318113871
8140,0.8548028438094295,0.025300838908777833,0.11989631728179265
8141,0.9216116797394347,0.01570044348504356,0.06268787677552166
8142,0.9250929384710358,0.017419147766684157,0.057487913762279914
8143,0.9089976224844993,0.026075561007694214,0.06492681650780655
8144,0.15330255945871327,0.03869915789417914,0.8079982826471075
8145,0.8575950655637856,0.023721469622349133,0.11868346481386527
8146,0.8946634223950722,0.02002531708580872,0.08531126051911908
8147,0.49531075781853834,0.0450031293081324,0.45968611287332933
8148,0.8990211410964792,0.01751742662847016,0.08346143227505061
8149,0.9101055518432536,0.018534114890951962,0.0713603332657946
8150,0.9205486242691635,0.016643255470226905,0.06280812026060952
8151,0.058470226065806624,0.017666832340692648,0.9238629415935008
8152,0.9024142394034926,0.019291267338291763,0.07829449325821565
8153,0.8353528149014345,0.02710729596429062,0.1375398891342747
8154,0.9091745072019912,0.019257657439664483,0.07156783535834424
8155,0.13236037925186736,0.0334948234423222,0.8341447973058105
8156,0.9274658013194291,0.016068453755153863,0.05646574492541694
8157,0.8402299671063445,0.025756319020895577,0.1340137138727599
8158,0.9282398750685474,0.015812287775274873,0.05594783715617773
8159,0.3904833515587431,0.05329708838986911,0.5562195600513877
8160,0.7254563245707029,0.03348032673095524,0.24106334869834198
8161,0.8970159864663733,0.018900287234244386,0.08408372629938235
8162,0.2961645948097119,0.3397664028517572,0.36406900233853084
8163,0.15872540536068142,0.031036749195747535,0.810237845443571
8164,0.8327152299341813,0.022583938941225498,0.1447008311245932
8165,0.03102208138057688,0.013838402032684383,0.9551395165867387
8166,0.6469906507580775,0.03824416232239176,0.31476518691953076
8167,0.3368966076914856,0.04804041948087885,0.6150629728276356
8168,0.6607689795838162,0.036319812298645685,0.3029112081175382
8169,0.8258215785610455,0.025171265619140005,0.1490071558198144
8170,0.7225388730831894,0.049093127281458475,0.2283679996353522
8171,0.04558876728034848,0.016365091320716747,0.9380461413989347
8172,0.036496883519525736,0.01638038435816425,0.94712273212231
8173,0.7916481274014644,0.026137639234112994,0.18221423336442266
8174,0.9292622335780917,0.01484308682703636,0.05589467959487214
8175,0.9079597603794428,0.01809110975839485,0.07394912986216245
8176,0.7889265397871478,0.029049349110097603,0.1820241111027546
8177,0.13118086587872782,0.031140872556639415,0.8376782615646327
8178,0.679584719060672,0.04530901974982866,0.2751062611894994
8179,0.45269374083184066,0.03905762184540679,0.5082486373227525
8180,0.5035884902652494,0.05737472119131916,0.4390367885434314
8181,0.1188927233810289,0.03417727646390126,0.8469300001550698
8182,0.9254828415883423,0.015447932167705609,0.05906922624395209
8183,0.3819918126806052,0.040928726398645525,0.5770794609207492
8184,0.8841002114499373,0.021369795618293705,0.0945299929317689
8185,0.9270910370269235,0.015947463722567817,0.056961499250508765
8186,0.8229036980503778,0.034797157248973774,0.14229914470064853
8187,0.09941869192368036,0.026605613752342903,0.8739756943239767
8188,0.8837983876928611,0.01988880006874015,0.0963128122383987
8189,0.10634447438070788,0.029976774722399464,0.8636787508968926
8190,0.2397535261020908,0.46038403696016134,0.29986243693774794
8191,0.9180941245343437,0.016373421903952166,0.06553245356170412
8192,0.8993710804516774,0.019479693634667034,0.08114922591365548
8193,0.9066346046485877,0.01716583698844274,0.07619955836296968
8194,0.8816234033599621,0.026903216076109526,0.09147338056392837
8195,0.9033522463329672,0.017552744113967244,0.07909500955306566
8196,0.8935274357952533,0.018693984460259553,0.08777857974448716
8197,0.7336624317121474,0.02863307532375444,0.23770449296409812
8198,0.4404208248630081,0.037236086933574386,0.5223430882034176
8199,0.9118234278742346,0.01860251567958338,0.069574056446182
8200,0.9297077291158053,0.015133916236424759,0.05515835464776991
8201,0.05571832508768388,0.017918496703740534,0.9263631782085757
8202,0.34922344371398456,0.04088885576097127,0.609887700525044
8203,0.8960480469272744,0.018102670308982712,0.0858492827637429
8204,0.19431696098565138,0.0319420224398444,0.7737410165745042
8205,0.908817574142683,0.017290697459766892,0.07389172839755002
8206,0.11222108532556949,0.025505292869212524,0.862273621805218
8207,0.9246023121516251,0.015516162474699552,0.059881525373675325
8208,0.059883406926454046,0.02300922876624317,0.9171073643073029
8209,0.3962925655113655,0.0401803981880765,0.563527036300558
8210,0.8925638165349782,0.02047101903797879,0.08696516442704309
8211,0.3160994652523325,0.04857583892366756,0.635324695824
8212,0.9182909140904357,0.015714435826819632,0.06599465008274455
8213,0.9181146976073337,0.016867482884620907,0.06501781950804539
8214,0.03859353021657189,0.01608281164266641,0.9453236581407617
8215,0.9239986904550361,0.01752410308059197,0.05847720646437177
8216,0.9136088510891321,0.01729097632114149,0.06910017258972631
8217,0.5796400498895783,0.04168388316467561,0.3786760669457461
8218,0.036721951841045604,0.015213483729124717,0.9480645644298297
8219,0.9185889632036995,0.017835857255095684,0.0635751795412048
8220,0.9175989624387141,0.016002610000681948,0.06639842756060395
8221,0.2388640548765901,0.032615510305888364,0.7285204348175215
8222,0.28616196814030354,0.043936798718021405,0.6699012331416752
8223,0.6823152224356084,0.056961789160723565,0.2607229884036681
8224,0.8157377450533979,0.031680444990672435,0.15258180995592963
8225,0.08809456276244135,0.023597475245545813,0.8883079619920129
8226,0.02958402612699488,0.013470402499311265,0.9569455713736937
8227,0.8962983668840033,0.02063080977288964,0.08307082334310699
8228,0.8824344318625507,0.01960752700450105,0.09795804113294819
8229,0.20128670473306293,0.03913718655400864,0.7595761087129284
8230,0.45642321174872047,0.03901371608801055,0.5045630721632689
8231,0.7890471458639756,0.13592973853241228,0.07502311560361216
8232,0.7394221440256191,0.030658299806000325,0.22991955616838064
8233,0.04060468732891367,0.015336431636784572,0.9440588810343018
8234,0.924790120059154,0.015435615814433083,0.05977426412641299
8235,0.36242978302905143,0.04879426348968307,0.5887759534812655
8236,0.17342237168096333,0.03862041413706416,0.7879572141819725
8237,0.8699158500613707,0.02347874003909204,0.10660540989953732
8238,0.15803864362990208,0.02828604380614801,0.81367531256395
8239,0.05897608220539147,0.026856440593511385,0.9141674772010973
8240,0.8816405358666326,0.023168962556938254,0.09519050157642914
8241,0.03777522868479716,0.016179212508853725,0.9460455588063492
8242,0.8624363892729683,0.022740203263759275,0.11482340746327246
8243,0.6194902604952317,0.11507979578377546,0.2654299437209928
8244,0.9162641984948519,0.016381790893858637,0.06735401061128943
8245,0.9077431334496391,0.018592930387812116,0.0736639361625486
8246,0.5352226294154886,0.03893692887934992,0.42584044170516144
8247,0.9200886447968407,0.016240179498959572,0.06367117570419974
8248,0.9287750901468274,0.014894796579702914,0.05633011327346976
8249,0.8942281280884073,0.019125517174155282,0.08664635473743731
8250,0.9150276377975453,0.018940335726001626,0.06603202647645315
8251,0.8071415014433323,0.026525057116001956,0.16633344144066567
8252,0.5283279616519889,0.04722933739021012,0.42444270095780096
8253,0.9204066788451183,0.01743026980332324,0.062163051351558654
8254,0.702738894163749,0.035927684025192176,0.26133342181105873
8255,0.4274417142006386,0.05745238073970461,0.5151059050596568
8256,0.7453560392188002,0.046104142719329055,0.20853981806187064
8257,0.9020158752092349,0.02328622092584861,0.07469790386491665
8258,0.03328297686497899,0.014792096673803901,0.951924926461217
8259,0.038932083641023706,0.017612216299942387,0.9434557000590339
8260,0.9221680711082458,0.01608181355689258,0.06175011533486159
8261,0.8644798376212505,0.020837976951672253,0.11468218542707735
8262,0.8476917665367976,0.02393278945342744,0.12837544400977502
8263,0.8916112737822589,0.021439877378295218,0.08694884883944591
8264,0.8937299679226393,0.018624836924478676,0.08764519515288208
8265,0.8177766332344526,0.025942325847106623,0.1562810409184408
8266,0.029310943525040583,0.013416078515172984,0.9572729779597864
8267,0.898218580480263,0.018774787974192082,0.08300663154554482
8268,0.9035679419602138,0.019163039027234263,0.07726901901255193
8269,0.9133752950330641,0.016475960771228097,0.07014874419570793
8270,0.7607740766157923,0.03843262784763547,0.20079329553657224
8271,0.9200462681539368,0.018332781188499042,0.061620950657564094
8272,0.9135203247323103,0.015819947303065556,0.07065972796462418
8273,0.8847226115837495,0.025755507755084686,0.0895218806611656
8274,0.8726845803716691,0.025641411923240116,0.10167400770509073
8275,0.09514935097856217,0.04206977472745234,0.8627808742939855
8276,0.19121781839986923,0.0345164172183407,0.77426576438179
8277,0.900357592652655,0.01948036779316715,0.08016203955417775
8278,0.886406123438228,0.021585782052196033,0.09200809450957587
8279,0.8409706998266524,0.02475864170929422,0.13427065846405323
8280,0.03848587188255756,0.01741710857594339,0.944097019541499
8281,0.5767367169173683,0.07640484635313428,0.3468584367294975
8282,0.9255586989069663,0.016224829514096227,0.058216471578937605
8283,0.8866874987261165,0.020972768257688672,0.09233973301619491
8284,0.9222374325938482,0.0165848685808217,0.061177698825330105
8285,0.07283592832575102,0.0202253062931159,0.9069387653811332
8286,0.9311681390761124,0.014695380032658112,0.05413648089122935
8287,0.7151412548654612,0.030656079335342628,0.25420266579919626
8288,0.9233032491396272,0.015612432276436519,0.061084318583936294
8289,0.5165705778285146,0.03631519845690989,0.4471142237145755
8290,0.10221154899883869,0.023142187770713998,0.8746462632304473
8291,0.30275389497485733,0.03308692748511585,0.6641591775400268
8292,0.8645886040275561,0.022170174673259824,0.113241221299184
8293,0.9069985793931226,0.01768143762716482,0.07531998297971253
8294,0.9181123708218994,0.016136731336581795,0.06575089784151886
8295,0.9289913606910881,0.014964624969424115,0.05604401433948776
8296,0.8535436539983644,0.02697634656329221,0.11947999943834349
8297,0.8923079710562885,0.019449812536155933,0.08824221640755545
8298,0.9313395693682766,0.014860849139186892,0.05379958149253661
8299,0.8777189430240668,0.025057525355177145,0.09722353162075593
8300,0.8861916330346054,0.019050874393930113,0.09475749257146455
8301,0.6288247974321833,0.03699916549158426,0.3341760370762323
8302,0.19796501401225022,0.07327412858242442,0.7287608574053253
8303,0.8741122906444251,0.023165422879640473,0.10272228647593444
8304,0.03393812224765438,0.01552622794670678,0.9505356498056388
8305,0.9119087916883222,0.017963339526570983,0.07012786878510684
8306,0.9033002468934609,0.018082920020975342,0.07861683308556358
8307,0.045324293441510816,0.01614861184497283,0.9385270947135165
8308,0.7876996155701461,0.02278970882046394,0.18951067560938997
8309,0.06022278174128503,0.01912523346697859,0.9206519847917364
8310,0.901106156418511,0.018745524465725798,0.08014831911576313
8311,0.8856063049378495,0.019743101903137574,0.09465059315901311
8312,0.9187896494928272,0.017033068936455235,0.06417728157071773
8313,0.9263121271418248,0.015680452403724583,0.058007420454450634
8314,0.9271638117648288,0.015049621822371852,0.057786566412799376
8315,0.8832080060827188,0.02677968892745589,0.09001230498982538
8316,0.8850205237394021,0.024307099682996408,0.09067237657760145
8317,0.8245341712103349,0.03335172246528642,0.1421141063243787
8318,0.5981225000145873,0.0410610076930697,0.36081649229234297
8319,0.033060729736849356,0.014966538240358002,0.9519727320227926
8320,0.8948054856350849,0.01862064084687748,0.08657387351803768
8321,0.8284496835580899,0.030237076057370697,0.14131324038453952
8322,0.26807621524606867,0.03633368530267343,0.6955900994512578
8323,0.02905249556344883,0.013418245348417733,0.9575292590881335
8324,0.03872773242326795,0.016035558214916038,0.9452367093618159
8325,0.9286064241754605,0.015231038529374675,0.05616253729516483
8326,0.9268339898360596,0.015449861375640878,0.05771614878829952
8327,0.9238795992766221,0.015904470083963302,0.0602159306394147
8328,0.04623304080596422,0.01617461159922158,0.9375923475948141
8329,0.9282460637862041,0.015467462702187247,0.05628647351160868
8330,0.23573896283919857,0.03063582673894494,0.7336252104218566
8331,0.9111052254880452,0.017921181732738396,0.07097359277921632
8332,0.5148457494149677,0.07543072646557587,0.4097235241194564
8333,0.8600221719559568,0.022328678764264587,0.11764914927977858
8334,0.8366390090538743,0.025722736743848486,0.1376382542022771
8335,0.9187159543773876,0.01598716016937553,0.06529688545323692
8336,0.2154695295284506,0.033645746508100996,0.7508847239634483
8337,0.460822138079055,0.03422767471465381,0.5049501872062911
8338,0.926194895900592,0.015202431824042052,0.058602672275365975
8339,0.3349773465235577,0.05983016308278229,0.60519249039366
8340,0.908344841091725,0.018721328201655046,0.07293383070662002
8341,0.9080110766923787,0.01830774250781468,0.07368118079980653
8342,0.9276819961004331,0.015588694198275597,0.05672930970129134
8343,0.7698830984462953,0.032591696310770676,0.19752520524293404
8344,0.05318252708411748,0.022638724431828853,0.9241787484840537
8345,0.927281399262885,0.015108033431113577,0.057610567306001476
8346,0.7042798329218869,0.03816189959505389,0.25755826748305927
8347,0.5769736375072546,0.06379418841368642,0.3592321740790589
8348,0.2551602895287526,0.04680798280128261,0.6980317276699648
8349,0.9248062326017923,0.01559334311081917,0.0596004242873887
8350,0.7247919200863499,0.028276861820545146,0.24693121809310487
8351,0.7787303082670294,0.027624098815205566,0.19364559291776504
8352,0.890188570441907,0.020016041141541846,0.08979538841655119
8353,0.03214256955006557,0.014121483203830224,0.9537359472461043
8354,0.034133351735020606,0.015450233241432045,0.9504164150235475
8355,0.9296691571055075,0.014780595043001221,0.05555024785149131
8356,0.7705062012804169,0.0297102293485823,0.19978356937100075
8357,0.06396044547949044,0.01824690735376036,0.9177926471667491
8358,0.04228478132254041,0.019854088960263767,0.9378611297171958
8359,0.9268159223302818,0.015266631877831123,0.057917445791887054
8360,0.8945278939898677,0.01887688737160099,0.08659521863853134
8361,0.36179526564158243,0.030056737905144272,0.6081479964532732
8362,0.8837506324989373,0.02142923082804655,0.09482013667301623
8363,0.5083317796191835,0.041370187588441944,0.45029803279237446
8364,0.9185692420056731,0.017049525484202806,0.06438123251012406
8365,0.8345580818303567,0.027811989760742287,0.13762992840890112
8366,0.4827138420741746,0.0384531462607153,0.47883301166511016
8367,0.8091662152702233,0.028271476268314156,0.16256230846146266
8368,0.9031128716850564,0.018507326852470043,0.0783798014624736
8369,0.525731573549154,0.04769635605206436,0.4265720703987816
8370,0.8475575009683398,0.02385234377381995,0.12859015525784032
8371,0.8605864927818629,0.0255430028563576,0.11387050436177944
8372,0.02942165716656393,0.013398503711065731,0.9571798391223703
8373,0.04347773824276511,0.019160833646232056,0.9373614281110029
8374,0.21161310485204085,0.03198546507242424,0.756401430075535
8375,0.9293809235784747,0.014997526835816182,0.05562154958570929
8376,0.08886696913301484,0.02314396800161244,0.8879890628653727
8377,0.8227156713459163,0.03193917604191348,0.14534515261217013
8378,0.8035361035992281,0.1086802158620504,0.08778368053872153
8379,0.9207872471026868,0.01674482016994285,0.062467932727370425
8380,0.755579322294411,0.026842010109052596,0.21757866759653632
8381,0.9248466947865164,0.016049548552634785,0.059103756660848904
8382,0.8144459084942031,0.024176214648281753,0.16137787685751517
8383,0.912107436584598,0.017950977139991633,0.0699415862754103
8384,0.923474542886436,0.015376489543461162,0.06114896757010269
8385,0.12003230746746564,0.07520083876754224,0.8047668537649921
8386,0.2713695518661194,0.03997642849795319,0.6886540196359274
8387,0.9261113425532504,0.01542682699283541,0.05846183045391414
8388,0.695254165964686,0.03167421021110821,0.2730716238242057
8389,0.6016173848788281,0.05083236339863099,0.3475502517225408
8390,0.04775482436050764,0.016391203536062934,0.9358539721034294
8391,0.7619329687582986,0.03087943971058924,0.20718759153111213
8392,0.8885203599838671,0.02142018364470791,0.09005945637142501
8393,0.923364284608782,0.01584057309043144,0.06079514230078643
8394,0.5502877011913698,0.03981315019308856,0.4098991486155417
8395,0.18395111724732774,0.033636188827188995,0.7824126939254833
8396,0.8880937157581964,0.021378974728807926,0.0905273095129956
8397,0.9272470982464209,0.01501544939393678,0.05773745235964219
8398,0.9192909669280187,0.0160865794991389,0.06462245357284245
8399,0.9030772025289567,0.017912146635944794,0.0790106508350984
8400,0.030502739326259874,0.014345647273044578,0.9551516134006955
8401,0.5808870868638111,0.06750175030047353,0.35161116283571536
8402,0.17972690654857854,0.04339477233555113,0.7768783211158703
8403,0.06603683865241407,0.0296805738800831,0.9042825874675029
8404,0.8207394545607486,0.026673994626711106,0.15258655081254036
8405,0.04483195651397524,0.016241028900045484,0.9389270145859793
8406,0.8861360178069936,0.019897416327137502,0.09396656586586892
8407,0.9064079753233111,0.01761134858596347,0.07598067609072547
8408,0.8754666468553354,0.022306647772827325,0.1022267053718375
8409,0.040191096660799626,0.015523601515938587,0.9442853018232619
8410,0.5892314251806662,0.10068755379494006,0.3100810210243937
8411,0.8447518867642481,0.02457550992831147,0.13067260330744043
8412,0.05910262905879439,0.020991358253585245,0.9199060126876204
8413,0.02961509185266482,0.01371465858758928,0.9566702495597459
8414,0.9197264001989777,0.01602670571510108,0.0642468940859214
8415,0.8959352114566735,0.02025473636684819,0.08381005217647823
8416,0.905103125734991,0.018143146168315912,0.07675372809669305
8417,0.5808975465407655,0.03840243989578598,0.38070001356344846
8418,0.8672242910777915,0.023074150745462412,0.10970155817674587
8419,0.06220794780886326,0.020849076762029416,0.9169429754291073
8420,0.7193116780459085,0.0356665010496904,0.2450218209044011
8421,0.0873826476609494,0.023633359595807868,0.8889839927432427
8422,0.9167804592338196,0.016879853974042826,0.06633968679213764
8423,0.9029493334320191,0.02025063082878926,0.07680003573919167
8424,0.7263212519560802,0.040677857813525016,0.23300089023039475
8425,0.8545217292613201,0.025847677967420112,0.11963059277125966
8426,0.05672334804455375,0.02356224307858005,0.9197144088768662
8427,0.45381400807459227,0.13634345352191848,0.40984253840348933
8428,0.9244800550599003,0.01587296853721414,0.05964697640288575
8429,0.9287882946067759,0.01479406549872489,0.05641763989449927
8430,0.9135463542012792,0.01811251690679248,0.0683411288919284
8431,0.07069173831068619,0.019614195764177177,0.9096940659251367
8432,0.6576606623322488,0.04906617458505583,0.2932731630826953
8433,0.8682505560357712,0.02694372873585922,0.10480571522836961
8434,0.052139876583097065,0.02219666893176971,0.9256634544851332
8435,0.8996270869904823,0.018666699784172687,0.08170621322534512
8436,0.8617739315334917,0.02149902987977605,0.11672703858673229
8437,0.035785170283349856,0.015049768320703566,0.9491650613959467
8438,0.923075921572129,0.01657411022179412,0.06034996820607681
8439,0.4096399200114941,0.04825542090291945,0.5421046590855865
8440,0.8665797275203795,0.030185755443818307,0.10323451703580214
8441,0.3451180496054499,0.033268849744626086,0.621613100649924
8442,0.9138772092602958,0.01803665174043374,0.06808613899927043
8443,0.9121369411917876,0.017690182895647225,0.07017287591256528
8444,0.9134948154324769,0.018792188325620705,0.06771299624190233
8445,0.9276147757012462,0.015302843902586917,0.057082380396166754
8446,0.765873964253725,0.031714824677402366,0.20241121106887264
8447,0.05199601701332817,0.021578966115993047,0.9264250168706788
8448,0.9015456859285382,0.018507660270894396,0.07994665380056731
8449,0.5900700263055465,0.06566712771057699,0.3442628459838766
8450,0.6918345342996959,0.040049191360129174,0.268116274340175
8451,0.8973494917516023,0.01982725799975427,0.0828232502486434
8452,0.93007879309332,0.014781385951709788,0.05513982095497015
8453,0.8432072729343493,0.02614558355758556,0.13064714350806528
8454,0.4996432690805846,0.04310999761846087,0.4572467333009545
8455,0.11958620873908625,0.02284814298411502,0.8575656482767987
8456,0.5397500320822158,0.033530878128504076,0.42671908978928
8457,0.8986996060080911,0.020622243220827494,0.08067815077108133
8458,0.595790301560333,0.06641294140589939,0.3377967570337676
8459,0.9183584439221512,0.017332316649997133,0.06430923942785184
8460,0.9197492754524983,0.016758181263631426,0.06349254328387029
8461,0.06038204020584572,0.022709074495769636,0.9169088852983848
8462,0.9246014958154464,0.015339567188771493,0.060058936995782006
8463,0.25501789901834393,0.03493733839767297,0.7100447625839831
8464,0.8892975363522647,0.023468706412607048,0.08723375723512834
8465,0.1662509333254672,0.02768122498587789,0.8060678416886549
8466,0.8853780527556095,0.022301626412514024,0.09232032083187637
8467,0.9232296480027009,0.015482543589605244,0.06128780840769381
8468,0.2529117451851016,0.04160300351475924,0.7054852513001392
8469,0.08260401220224184,0.03625523759596849,0.8811407502017896
8470,0.7283509976607645,0.03802800584027689,0.2336209964989587
8471,0.9178568068370409,0.016428652638352064,0.06571454052460725
8472,0.8567665319025857,0.02376062842706622,0.11947283967034812
8473,0.9272788936594258,0.01548582657780412,0.05723527976276999
8474,0.8537730248166794,0.02544482104528162,0.12078215413803901
8475,0.10726470263160068,0.02440106173991192,0.8683342356284874
8476,0.914888067010902,0.017107622810873954,0.06800431017822395
8477,0.6637897747015913,0.052833832217938755,0.28337639308046997
8478,0.899461926481082,0.019615873149414445,0.0809222003695035
8479,0.9138968345557902,0.017903379803023724,0.06819978564118619
8480,0.9219634318812042,0.01682966996014873,0.06120689815864693
8481,0.9300358566456134,0.015075153783778198,0.05488898957060847
8482,0.2276617189036462,0.04003130789496316,0.7323069732013906
8483,0.053243421651323244,0.019133307434625074,0.9276232709140517
8484,0.9113960437281263,0.017204340085470983,0.07139961618640273
8485,0.9283830502439084,0.015307022104336853,0.056309927651754806
8486,0.04734643299440209,0.01662905649467597,0.936024510510922
8487,0.7593321252766894,0.0281114200456134,0.21255645467769707
8488,0.9238143092223983,0.015814263993279995,0.06037142678432193
8489,0.6256826018885935,0.04814826446356268,0.32616913364784383
8490,0.09149815208714712,0.024450981147658344,0.8840508667651945
8491,0.07612041690245297,0.019300319770282796,0.9045792633272642
8492,0.850269908059016,0.024095415944144785,0.12563467599683914
8493,0.8476896124310017,0.025161911680016896,0.12714847588898123
8494,0.7819529695229186,0.027657617841787115,0.19038941263529427
8495,0.8796531314826278,0.026223326029624183,0.09412354248774805
8496,0.8851877100862221,0.020632892737524847,0.09417939717625311
8497,0.9114388481742888,0.017401907841247455,0.07115924398446385
8498,0.048946640208329076,0.01701282873328793,0.9340405310583829
8499,0.9162194546165826,0.016858929369164197,0.06692161601425328
8500,0.8580225907094335,0.03100858537656414,0.1109688239140023
8501,0.8521070238153087,0.023973203603233247,0.12391977258145807
8502,0.05361158517406255,0.016960485930647258,0.9294279288952902
8503,0.8516287913673274,0.025285398393858727,0.12308581023881385
8504,0.035825811673954794,0.015786654905056485,0.9483875334209887
8505,0.9207183704016072,0.0160128735566035,0.0632687560417893
8506,0.9295244988214005,0.014817734145352729,0.05565776703324663
8507,0.8340161706494414,0.022705438619486817,0.14327839073107188
8508,0.8856368634502009,0.019902173356322134,0.09446096319347706
8509,0.9176949807757169,0.017117212234259643,0.0651878069900235
8510,0.8134730964878757,0.039500544492618576,0.1470263590195058
8511,0.8897307516718472,0.02309072548983551,0.08717852283831719
8512,0.034016238464410424,0.015327277848298881,0.9506564836872907
8513,0.4638687846633781,0.07143249982602345,0.4646987155105984
8514,0.06694180235670308,0.02168182224865123,0.9113763753946457
8515,0.842236147315952,0.02808991603116047,0.12967393665288748
8516,0.06131822496137368,0.02088474226834729,0.917797032770279
8517,0.5555725366333149,0.03548507194704868,0.4089423914196365
8518,0.5529537618079116,0.25061298842867313,0.1964332497634153
8519,0.3331807943952654,0.04222239010945547,0.6245968154952791
8520,0.9285833891317452,0.01577781983273258,0.05563879103552227
8521,0.9151010260155337,0.016982006283638176,0.06791696770082804
8522,0.8354297034549764,0.04745786637965857,0.11711243016536506
8523,0.03659073904715401,0.014902670293813388,0.9485065906590325
8524,0.9206604238190537,0.01732130396652346,0.06201827221442286
8525,0.3553364865703935,0.03147886210581631,0.6131846513237902
8526,0.9188204951252582,0.015372806019690231,0.0658066988550515
